> Rprof("HazProfile.out")

> for (i in 1:2000) {
+    Haz[,i,,] <- euler_par(c(SMP.firstpass.cdf,SMP.firstpass.pdf),i/40)
+ }

> Rprof(NULL)

> summaryRprof("HazProfile.out")
$by.self
                    self.time self.pct total.time total.pct
"dsinmad"               92.82    26.08     184.18     51.74
".External"             55.04    15.46     340.68     95.71
"f"                     29.54     8.30     279.32     78.47
"as.list"               16.82     4.73      22.14      6.22
"exp"                   14.64     4.11      14.64      4.11
"vapply"                12.90     3.62      39.52     11.10
"dlnorm"                11.86     3.33      11.86      3.33
"rm"                    10.72     3.01      68.06     19.12
"dweibull"               9.80     2.75       9.80      2.75
"*"                      8.14     2.29       8.14      2.29
"match.call"             7.80     2.19      15.32      4.30
"<Anonymous>"            6.80     1.91     354.98     99.73
"cos"                    6.06     1.70       6.06      1.70
"sin"                    5.38     1.51       5.38      1.51
"as.list.default"        5.32     1.49       5.32      1.49
"^"                      4.54     1.28       4.54      1.28
"dunif"                  4.42     1.24       4.42      1.24
"dchisq"                 4.40     1.24       4.40      1.24
"integrate"              3.78     1.06     348.14     97.81
"match.fun"              3.38     0.95       3.92      1.10
"sys.parent"             3.14     0.88       3.14      0.88
"&"                      2.32     0.65       2.32      0.65
"dfisk"                  1.96     0.55     186.14     52.30
"-"                      1.88     0.53       1.88      0.53
"sys.call"               1.86     0.52       2.98      0.84
"log1p"                  1.80     0.51       1.80      0.51
"sys.function"           1.72     0.48       3.74      1.05
"is.na"                  1.68     0.47       1.68      0.47
"character"              1.64     0.46       1.64      0.46
"max"                    1.62     0.46       1.62      0.46
"ft"                     1.44     0.40     350.76     98.54
"length"                 1.40     0.39       1.40      0.39
"+"                      1.38     0.39       1.38      0.39
".Primitive"             1.34     0.38       1.34      0.38
"Re"                     1.30     0.37       1.30      0.37
"=="                     1.16     0.33       1.16      0.33
"solve"                  1.08     0.30       3.42      0.96
"Im"                     1.08     0.30       1.08      0.30
"!"                      1.02     0.29       1.02      0.29
"FUN"                    0.98     0.28       0.98      0.28
"all"                    0.90     0.25       0.90      0.25
">"                      0.84     0.24       0.84      0.24
"is.nan"                 0.82     0.23       0.82      0.23
"$"                      0.80     0.22       0.80      0.22
"parent.frame"           0.80     0.22       0.80      0.22
"euler_par"              0.70     0.20     355.90     99.99
"solve.default"          0.64     0.18       2.26      0.63
"as.matrix"              0.58     0.16       0.64      0.18
"is.function"            0.54     0.15       0.54      0.15
"as.environment"         0.44     0.12       0.44      0.12
"/"                      0.40     0.11       0.40      0.11
"diag"                   0.32     0.09       0.46      0.13
"is.logical"             0.26     0.07       0.26      0.07
"("                      0.24     0.07       0.24      0.07
"%*%"                    0.20     0.06       0.20      0.06
"rownames"               0.18     0.05       0.26      0.07
"is.finite"              0.16     0.04       0.16      0.04
"as.integer"             0.14     0.04       0.14      0.04
"environment"            0.14     0.04       0.14      0.04
"is.data.frame"          0.14     0.04       0.14      0.04
"!="                     0.12     0.03       0.12      0.03
"colnames<-"             0.10     0.03       0.26      0.07
"c"                      0.08     0.02       0.08      0.02
"matrix"                 0.06     0.02       0.14      0.04
"NROW"                   0.06     0.02       0.08      0.02
"as.matrix.default"      0.06     0.02       0.06      0.02
"nrow"                   0.06     0.02       0.06      0.02
"is.array"               0.04     0.01       0.04      0.01
"source"                 0.02     0.01     355.94    100.00
"rev"                    0.02     0.01       0.04      0.01
":"                      0.02     0.01       0.02      0.01
"array"                  0.02     0.01       0.02      0.01
"choose"                 0.02     0.01       0.02      0.01
"dim"                    0.02     0.01       0.02      0.01
"dimnames"               0.02     0.01       0.02      0.01
"getSrcLines"            0.02     0.01       0.02      0.01

$by.total
                      total.time total.pct self.time self.pct
"source"                  355.94    100.00      0.02     0.01
"euler_par"               355.90     99.99      0.70     0.20
"eval"                    355.90     99.99      0.00     0.00
"withVisible"             355.90     99.99      0.00     0.00
"<Anonymous>"             354.98     99.73      6.80     1.91
"ft"                      350.76     98.54      1.44     0.40
"integrate"               348.14     97.81      3.78     1.06
".External"               340.68     95.71     55.04    15.46
"f"                       279.32     78.47     29.54     8.30
"dfisk"                   186.14     52.30      1.96     0.55
"dsinmad"                 184.18     51.74     92.82    26.08
"rm"                       68.06     19.12     10.72     3.01
"vapply"                   39.52     11.10     12.90     3.62
"as.list"                  22.14      6.22     16.82     4.73
"match.call"               15.32      4.30      7.80     2.19
"exp"                      14.64      4.11     14.64     4.11
"dlnorm"                   11.86      3.33     11.86     3.33
"dweibull"                  9.80      2.75      9.80     2.75
"*"                         8.14      2.29      8.14     2.29
"cos"                       6.06      1.70      6.06     1.70
"sin"                       5.38      1.51      5.38     1.51
"as.list.default"           5.32      1.49      5.32     1.49
"^"                         4.54      1.28      4.54     1.28
"dunif"                     4.42      1.24      4.42     1.24
"dchisq"                    4.40      1.24      4.40     1.24
"match.fun"                 3.92      1.10      3.38     0.95
"sys.function"              3.74      1.05      1.72     0.48
"solve"                     3.42      0.96      1.08     0.30
"sys.parent"                3.14      0.88      3.14     0.88
"sys.call"                  2.98      0.84      1.86     0.52
"&"                         2.32      0.65      2.32     0.65
"solve.default"             2.26      0.63      0.64     0.18
"-"                         1.88      0.53      1.88     0.53
"log1p"                     1.80      0.51      1.80     0.51
"is.na"                     1.68      0.47      1.68     0.47
"character"                 1.64      0.46      1.64     0.46
"max"                       1.62      0.46      1.62     0.46
"length"                    1.40      0.39      1.40     0.39
"+"                         1.38      0.39      1.38     0.39
".Primitive"                1.34      0.38      1.34     0.38
"Re"                        1.30      0.37      1.30     0.37
"=="                        1.16      0.33      1.16     0.33
"Im"                        1.08      0.30      1.08     0.30
"!"                         1.02      0.29      1.02     0.29
"FUN"                       0.98      0.28      0.98     0.28
"all"                       0.90      0.25      0.90     0.25
">"                         0.84      0.24      0.84     0.24
"is.nan"                    0.82      0.23      0.82     0.23
"$"                         0.80      0.22      0.80     0.22
"parent.frame"              0.80      0.22      0.80     0.22
"as.matrix"                 0.64      0.18      0.58     0.16
"is.function"               0.54      0.15      0.54     0.15
"diag"                      0.46      0.13      0.32     0.09
"as.environment"            0.44      0.12      0.44     0.12
"/"                         0.40      0.11      0.40     0.11
"is.logical"                0.26      0.07      0.26     0.07
"rownames"                  0.26      0.07      0.18     0.05
"colnames<-"                0.26      0.07      0.10     0.03
"("                         0.24      0.07      0.24     0.07
"%*%"                       0.20      0.06      0.20     0.06
"is.finite"                 0.16      0.04      0.16     0.04
"as.integer"                0.14      0.04      0.14     0.04
"environment"               0.14      0.04      0.14     0.04
"is.data.frame"             0.14      0.04      0.14     0.04
"matrix"                    0.14      0.04      0.06     0.02
"!="                        0.12      0.03      0.12     0.03
"c"                         0.08      0.02      0.08     0.02
"NROW"                      0.08      0.02      0.06     0.02
"as.matrix.default"         0.06      0.02      0.06     0.02
"nrow"                      0.06      0.02      0.06     0.02
"is.array"                  0.04      0.01      0.04     0.01
"rev"                       0.04      0.01      0.02     0.01
":"                         0.02      0.01      0.02     0.01
"array"                     0.02      0.01      0.02     0.01
"choose"                    0.02      0.01      0.02     0.01
"dim"                       0.02      0.01      0.02     0.01
"dimnames"                  0.02      0.01      0.02     0.01
"getSrcLines"               0.02      0.01      0.02     0.01
"doTryCatch"                0.02      0.01      0.00     0.00
"suppressWarnings"          0.02      0.01      0.00     0.00
"tryCatch"                  0.02      0.01      0.00     0.00
"tryCatchList"              0.02      0.01      0.00     0.00
"tryCatchOne"               0.02      0.01      0.00     0.00
"trySrcLines"               0.02      0.01      0.00     0.00
"withCallingHandlers"       0.02      0.01      0.00     0.00

$sample.interval
[1] 0.02

$sampling.time
[1] 355.94


> plot((1:2000)/40,Haz[2,,2,1]/(1-Haz[1,,2,1]),type="l",xlab="Time",ylab="")

> t2 <- Sys.time()

> t2-t1  ## My check ran about 11.5 minutes
Time difference of 8.421935 mins
